dataset1:0.9032894736842104 0.8364236214098242 0.8989519878105803 0.8652529974440915
dataset2:0.6125 0.4559519140989729 0.6493032260137523 0.5272206669975285